{
    "accuracy": 0.9393939393939394,
    "f1": 0.8636363636363636,
    "precision": 0.9047619047619048,
    "recall": 0.8260869565217391,
    "auc_roc": 0.9845537757437071,
    "r2": 0.7376829632030137
}