{
    "accuracy": 0.9090909090909091,
    "f1": 0.7906976744186046,
    "precision": 0.85,
    "recall": 0.7391304347826086,
    "auc_roc": 0.9450800915331807,
    "r2": 0.588874593354704
}