{
    "accuracy": 0.9191919191919192,
    "f1": 0.8181818181818182,
    "precision": 0.8571428571428571,
    "recall": 0.782608695652174,
    "auc_roc": 0.9382151029748282,
    "r2": 0.5701995044274837
}