{
    "accuracy": 0.7878787878787878,
    "f1": 0.5116279069767442,
    "precision": 0.55,
    "recall": 0.4782608695652174,
    "auc_roc": 0.8054919908466819,
    "r2": 0.22105741466596807
}