{
    "accuracy": 0.797979797979798,
    "f1": 0.47368421052631576,
    "precision": 0.6,
    "recall": 0.391304347826087,
    "auc_roc": 0.830091533180778,
    "r2": 0.28498255390315486
}