{
    "accuracy": 0.7474747474747475,
    "f1": 0.07407407407407407,
    "precision": 0.25,
    "recall": 0.043478260869565216,
    "auc_roc": 0.7434210526315789,
    "r2": 0.12004216529437506
}