{
    "accuracy": 0.7575757575757576,
    "f1": 0.25,
    "precision": 0.4444444444444444,
    "recall": 0.17391304347826086,
    "auc_roc": 0.6604691075514874,
    "r2": 0.04455495411371879
}