{
    "accuracy": 0.7575757575757576,
    "f1": 0.0,
    "precision": 0.0,
    "recall": 0.0,
    "auc_roc": 0.5320366132723112,
    "r2": -0.050844010506115644
}