{
    "accuracy": 0.7676767676767676,
    "f1": 0.0,
    "precision": 0.0,
    "recall": 0.0,
    "auc_roc": 0.5766590389016019,
    "r2": 0.00028173529853725565
}