{
    "accuracy": 0.797979797979798,
    "f1": 0.23076923076923078,
    "precision": 1.0,
    "recall": 0.13043478260869565,
    "auc_roc": 0.6899313501144165,
    "r2": 0.08386254716580976
}