{
    "accuracy": 0.7676767676767676,
    "f1": 0.14814814814814814,
    "precision": 0.5,
    "recall": 0.08695652173913043,
    "auc_roc": 0.6058352402745996,
    "r2": 0.009418683779504278
}