{
    "accuracy": 0.7777777777777778,
    "f1": 0.21428571428571427,
    "precision": 0.6,
    "recall": 0.13043478260869565,
    "auc_roc": 0.6987986270022883,
    "r2": 0.08975397985563327
}