{
    "accuracy": 0.7171717171717171,
    "f1": 0.0,
    "precision": 0.0,
    "recall": 0.0,
    "auc_roc": 0.5715102974828375,
    "r2": -0.09366117699205034
}